n beta gamma eps s sigma err
1 1.4 0.09633897 -1.070963 -1.45477512 0.7 0.7 1.948762673778042e13
2 1.4 -0.15040329 -2.19067886 -2.86589099 0.70477676 0.6978682 2.8835220312611912e22
3 1.4 -1.00478189 -1.38291508 -1.84631957 0.70477676 0.6978682 6.36602066262217e6
4 1.4 -0.42972814 -2.14509931 -2.45688439 0.69361218 0.6873773 2.4625620108160553e11
5 1.4 -1.5477359 -2.00575915 -2.39904144 0.69361218 0.6873773 4.598876769624706e12
6 1.4 -0.79226335 -0.51308439 -0.72769914 0.68379915 0.69103604 2094.3632512
7 1.4 -0.82448744 -0.71359926 -0.940939 0.67843063 0.68702046 8.946398026849894e17
8 1.4 -1.50620831 -0.75301146 -0.96192466 0.6802162 0.68436116 36610.87271624
9 1.4 -1.5609196 -0.40981483 -0.84790561 0.6802162 0.68436116 9327.8474298
10 1.4 -1.29703538 -0.72480177 -1.147649 0.67672426 0.67074102 1.4183737934582103e18
11 1.4 -1.0532642 -0.55751827 -0.80230694 0.66148427 0.67476829 10.82523806
12 1.4 -1.48700579 -0.76732765 -1.01435993 0.66148427 0.67476829 2.5263436287656494e18
13 1.4 -1.41041844 -0.55241304 -0.80323049 0.66773469 0.67821748 12197.52332765
14 1.4 -0.98911638 -0.9458821 -1.34579657 0.66773469 0.67821748 6.288746975167683e32
15 1.4 -0.96950609 -0.95376974 -1.31856211 0.66269666 0.67600102 5.040042144160521e48
16 1.4 -0.92498478 -1.0621318 -1.30060351 0.66255778 0.66751264 3.902102180765224e20
17 1.4 -0.68869611 -1.08495685 -1.21131204 0.6818885 0.66180082 3.6853935198171796e18
18 1.4 -0.94030603 -0.78889653 -1.028614 0.6895759 0.65351629 8.065351600320956e10
19 1.4 -0.89067776 -0.13790012 0.12016202 0.69815953 0.6399314 2.6851971966277168e17
20 1.4 -0.11899007 -1.11228867 -1.303518 0.69815953 0.6399314 2.3358307502344443e18
21 1.4 -0.26645473 -0.15198564 -0.40942418 0.6943194 0.64136925 5.531066048520746e19
22 1.4 -0.78416695 -0.7243308 -1.11839783 0.6866522 0.63404593 1.8043686473672451e34
23 1.4 -0.60049422 -0.08350277 0.0065419 0.68434812 0.63983856 3.1405295059751727e89
24 1.4 -0.35147746 -0.42491604 -0.45139203 0.68236918 0.63351335 1.091349888230071e31
25 1.4 -0.13439879 -0.56059881 -0.53591755 0.68443732 0.63140252 2.41760153
26 1.4 -0.02340372 -0.46788793 -0.47254882 0.67946838 0.62415132 7.822951155639989e11
27 1.4 -0.88403332 -1.03800662 -1.34740018 0.67946838 0.62415132 3.225982018396823e29
28 1.4 -1.24099825 -0.58491001 -0.83934295 0.67946838 0.62415132 2.4267974881785705e20
29 1.4 -0.73828653 -0.79976002 -1.07160339 0.683517 0.62106907 0.14354515
30 1.4 0.01025153 1.26808943 1.59038314 0.68987607 0.6163585 3.9416888769171985e41
31 1.4 0.12540534 0.51547045 0.39049267 0.68518351 0.61030601 4.08270328098247e22
32 1.4 -0.22667877 0.4618194 0.43199585 0.66820112 0.60558983 0.61738994
33 1.4 0.09435588 0.51178233 0.58812062 0.67343621 0.60668743 1.537029883511e95
34 1.4 -0.12739983 1.28120657 1.67007349 0.67381639 0.60708754 25033.65683857
35 1.4 -0.06089236 1.06881694 1.15713022 0.66684366 0.61324909 2.755701463188667e40
36 1.4 -0.15896339 1.25832617 1.45516834 0.66684366 0.61324909 6.2268849263718655e22
37 1.4 0.36321401 0.77636244 0.74680802 0.65767099 0.61729599 95466.50371237
38 1.4 -0.00678641 1.22198027 1.54926467 0.66356818 0.62522701 3.0244489962777377e69
39 1.4 0.0518955 1.06203603 1.04534402 0.66356818 0.62522701 1.2777593477728386e56
40 1.4 -0.09885071 0.08531232 0.02765628 0.67391301 0.6228728 1.0659178959993328e23
41 1.4 -0.26505172 0.86059875 1.25930844 0.66190526 0.61537956 5.4245769604495445e10
42 1.4 0.02136923 0.48962116 0.49305736 0.66430987 0.61325798 6.478497825573415e41
43 1.4 0.15352155 0.92699471 1.09689717 0.65858555 0.60166676 2.5402204916040078e14
44 1.4 0.03610121 1.17307209 1.29419525 0.65003922 0.60335923 2.5950245993810975e14
45 1.4 -0.25723274 0.41884746 0.6417259 0.63981806 0.60454558 1.9802767398908729e49
46 1.4 -0.1078539 1.06934914 1.34792617 0.63981806 0.60454558 3.721377207973355e7
47 1.4 -0.24173358 0.80995621 1.0181008 0.63981806 0.60454558 3.944880313396574e56
48 1.4 0.04766141 1.60051033 1.90966813 0.63981806 0.60454558 7028.85485547
49 1.4 -0.03389739 1.11776205 1.31041775 0.63800639 0.59129925 6.129832939591162e14
50 1.4 -0.02689402 1.09074782 1.53171719 0.63205315 0.58270926 3.862468306901609e29
51 1.4 0.22418247 0.5697802 0.66070028 0.62235143 0.5812952 31890.65889546
52 1.4 0.11215074 0.86351712 0.84555193 0.62235143 0.5812952 8.648651862020311e13
53 1.4 0.03365186 1.17675066 1.2076218 0.62235143 0.5812952 1.4610593394304388e15
54 1.4 0.29081481 1.23659803 1.40195685 0.61601616 0.56381709 2.684489977258495e26
55 1.4 0.10870284 0.83587044 0.87516973 0.6099711 0.55728739 9.367430973700733e9
56 1.4 0.16380799 0.95769452 0.77633656 0.6099711 0.55728739 3.3366468773264695e15
57 1.4 0.25354434 0.75429942 0.69823151 0.61153805 0.55767875 3.089297602623936e73
58 1.4 0.14268845 0.48772709 0.65262329 0.61633197 0.55723659 1.98192099456426e20
59 1.4 0.10168983 0.65687165 0.53983762 0.60483951 0.56056153 1.0079985230031538e11
60 1.4 -0.06514401 0.80439903 0.78952309 0.60483951 0.56056153 2.771105671690662e46
61 1.4 0.11756999 1.1360303 1.23275293 0.60483951 0.56056153 389499.7908389
62 1.4 0.42331104 1.08438862 1.29902172 0.60056649 0.55582069 2.965165581131325e16
63 1.4 0.06952582 1.00041375 1.18379921 0.60276627 0.55509761 3.1720662631008625e9
64 1.4 0.33862316 1.77200201 2.20189551 0.60550761 0.55677071 1.590818165123772e76
65 1.4 0.11019611 1.75432874 2.09549667 0.60496843 0.55609647 435.03085141
66 1.4 0.34731532 1.44143064 1.80961219 0.60008564 0.54928492 5.99214626886419e36
67 1.4 0.2615259 1.32958207 1.66449742 0.59462828 0.55437796 2.45496204249655e6
68 1.4 -0.05103283 1.59760479 2.08627961 0.59462828 0.55437796 4.0323121902039385e8
69 1.4 -0.12548567 1.76597583 2.03639032 0.59462828 0.55437796 1.1011340220705177e95
70 1.4 0.15683807 1.86707173 2.28589089 0.59816641 0.5577356 3.147264047691774e11
71 1.4 0.05362466 1.65544295 1.94499664 0.59776538 0.55184868 2.0450819504727437e9
72 1.4 0.12608152 1.37778483 1.73642499 0.59776538 0.55184868 6.16383038
73 1.4 0.32364983 2.28121075 3.0056507 0.5956178 0.54429815 1.19862388
74 1.4 0.26949759 1.63735683 2.22250951 0.59636296 0.54456528 0.27901826
75 1.4 0.25097503 1.20122752 1.51578023 0.59511084 0.54359862 9.772046900503184e21
76 1.4 0.1337826 0.83519181 1.10207659 0.60335809 0.54077606 1.1279498458802801e10
77 1.4 0.12856922 1.08220223 1.53715021 0.60636121 0.52696979 1.7933111461129403e23
78 1.4 -0.00291068 1.04128933 1.06463759 0.60636121 0.52696979 3.557795104144611e23
79 1.4 0.26058614 1.36866158 1.76018886 0.61430238 0.51891977 2.2882730359240857e58
80 1.4 0.26080901 1.34002292 1.76387809 0.60099123 0.51651534 3.5040770131547604e65
81 1.4 0.14892607 1.30008784 1.68190606 0.60051604 0.5196291 3.10046669
82 1.4 0.176948 0.89467311 0.93772157 0.59543044 0.51832812 2.8452474560531477e21
83 1.4 0.05542834 1.43764938 1.94482231 0.59543044 0.51832812 1.087699641542707e9
84 1.4 0.08511544 1.18697461 1.71454212 0.59543044 0.51832812 3.336781609657403e22
85 1.4 -0.23751971 0.99448112 1.30020112 0.59543044 0.51832812 274094.28754838
86 1.4 -0.00668539 1.20857416 1.86556809 0.59809842 0.51811447 9.844271888817518e43
87 1.4 0.29324897 1.36866547 2.02317087 0.59382311 0.5188526 5043.8297102
88 1.4 0.17635253 1.05081551 1.64478047 0.59095963 0.51008599 4.1163335630300325e25
89 1.4 0.17301458 1.70945031 2.6838137 0.59513762 0.50843469 3.2140561960271527e31
90 1.4 0.20249345 1.26556794 2.08809454 0.58755929 0.51010525 0.34831519
91 1.4 0.1228829 2.06865525 3.24910317 0.58104164 0.51462498 3.1580564872382474e22
92 1.4 0.15034093 1.96904895 3.08893957 0.57876885 0.51428598 1.9085290055857998e49
93 1.4 0.05667313 2.37760293 3.46495075 0.57562306 0.51938189 1.3970551816632754e13
94 1.4 0.11598957 2.10919569 3.18038489 0.57673998 0.51772982 4.229724540229987e39
95 1.4 0.14270531 1.97134862 2.90951599 0.57673998 0.51772982 1.7721687292778645e13
96 1.4 0.35088869 2.1768885 3.31277211 0.57673998 0.51772982 4.053781795185166e11
97 1.4 0.24435476 1.43534224 2.20727833 0.57673998 0.51772982 88.10919721
98 1.4 -0.00979194 2.34354518 3.52824133 0.57104505 0.52501628 0.78796982
99 1.4 0.02416024 2.06077063 3.14932278 0.58116034 0.52212163 4.4394217076081694e14
100 1.4 0.2668572 2.08804652 3.23405505 0.58116034 0.52212163 1.8106625146763289e24
